time	a	b
43	310	560
0	310	560
0	956	1207
0	956	1207
0	1713	1960
14	1713	1960
29	2827	3077
0	2827	3077
154	3477	3732
39	3477	3732
99	4134	4382
90	4134	4382
90	4776	5025
0	4776	5025
146	5542	5792
40	5542	5792
50	6220	6470
18	6220	6470
22	6872	7120
166	6872	7120
128	7550	7800
65	7550	7800
173	8227	8477
0	8227	8477
13	9388	9638
180	9388	9638
0	10029	10277
245	10029	10277
158	10665	10915
76	10665	10915
94	11307	11562
46	11307	11562
62	11966	12216
115	11966	12216
90	12750	12999
94	12750	12999
75	13408	13658
106	13408	13658
106	14051	14300
19	14051	14300
76	14819	15069
102	14819	15069
69	15509	15758
82	15509	15758
123	16218	16468
59	16218	16468
50	16851	17101
67	16851	17101
22	17481	17732
195	17481	17732
23	18132	18382
106	18132	18382
2	19052	19303
0	19052	19303
33	19698	19893
0	19698	19893
149	20528	20778
32	20528	20778
35	21184	21432
157	21184	21432
100	296	544
80	296	544
245	942	1197
0	942	1197
2	1578	1829
24	1578	1829
67	2295	2544
176	2295	2544
213	2930	3181
31	2930	3181
213	3564	3815
0	3564	3815
26	4241	4489
24	4241	4489
0	5123	5380
0	5123	5380
0	5829	6086
0	5829	6086
0	6429	6685
0	6429	6685
10	7170	7417
153	7170	7417
0	7809	8063
0	7809	8063
163	9287	9537
78	9287	9537
16	10592	10840
166	10592	10840
44	11219	11332
17	11219	11332
0	12562	12813
0	12562	12813
46	13209	13458
106	13209	13458
0	13905	14154
0	13905	14154
148	14591	14840
10	14591	14840
60	15190	15446
22	15190	15446
16	15860	16109
80	15860	16109
48	16511	16765
0	16511	16765
0	17192	17442
0	17192	17442
117	17847	18096
34	17847	18096
108	18507	18757
114	18507	18757
0	19291	19542
0	19291	19542
69	20288	20539
44	20288	20539
0	21207	21458
0	21207	21458
222	22013	22262
1	22013	22262
0	22665	22921
2	22665	22921
33	409	660
55	409	660
29	1038	1289
52	1038	1289
4	1723	1973
164	1723	1973
187	2375	2624
29	2375	2624
56	3328	3578
34	3328	3578
23	4004	4254
164	4004	4254
0	4635	4883
49	4635	4883
83	5280	5529
12	5280	5529
100	6010	6260
37	6010	6260
175	6653	6903
0	6653	6903
18	7286	7535
202	7286	7535
11	8001	8250
116	8001	8250
16	8652	8903
7	8652	8903
24	9284	9533
0	9284	9533
0	9980	10231
40	9980	10231
0	10645	10895
0	10645	10895
91	11868	12117
0	11868	12117
32	12523	12773
26	12523	12773
46	13152	13402
0	13152	13402
46	14852	15102
41	14852	15102
0	15507	15757
71	15507	15757
79	16219	16469
133	16219	16469
123	17005	17190
20	17005	17190
88	17572	17822
90	17572	17822
7	18202	18451
17	18202	18451
63	18851	19102
116	18851	19102
65	19484	19735
121	19484	19735
76	20214	20464
66	20214	20464
48	20870	21119
92	20870	21119
39	21533	21781
67	21533	21781
108	303	560
141	303	560
27	968	1219
223	968	1219
83	1619	1868
164	1619	1868
64	2258	2506
174	2258	2506
31	2897	3148
176	2897	3148
217	3544	3794
32	3544	3794
164	4247	4498
52	4247	4498
222	4901	5153
26	4901	5153
158	5540	5734
0	5540	5734
135	6161	6409
111	6161	6409
116	6814	7064
131	6814	7064
166	7461	7711
50	7461	7711
147	8105	8355
90	8105	8355
115	8784	9035
69	8784	9035
185	9427	9678
48	9427	9678
163	10098	10349
30	10098	10349
223	10732	10982
0	10732	10982
194	11462	11712
35	11462	11712
76	12096	12347
117	12096	12347
75	12748	12998
149	12748	12998
168	13383	13657
14	13383	13657
115	14047	14297
122	14047	14297
58	14751	15001
161	14751	15001
108	15393	15643
90	15393	15643
154	16038	16288
88	16038	16288
159	16727	16978
91	16727	16978
90	17369	17620
144	17369	17620
132	18039	18289
87	18039	18289
175	18673	18924
65	18673	18924
104	19318	19573
139	19318	19573
160	348	599
0	348	599
90	1009	1260
121	1009	1260
53	1656	1904
183	1656	1904
141	2295	2545
53	2295	2545
208	2971	3221
0	2971	3221
114	3616	3867
87	3616	3867
18	4269	4519
200	4269	4519
136	5244	5495
70	5244	5495
146	5909	6160
65	5909	6160
143	6513	6765
55	6513	6765
55	7163	7417
171	7163	7417
48	7853	8103
163	7853	8103
99	8513	8763
48	8513	8763
66	9170	9421
169	9170	9421
75	9907	10157
120	9907	10157
117	10768	11018
91	10768	11018
233	11406	11657
0	11406	11657
140	12027	12277
59	12027	12277
43	12670	12920
146	12670	12920
0	13311	13562
157	13311	13562
129	13960	14211
90	13960	14211
91	14584	14700
17	14584	14700
0	15151	15402
201	15151	15402
83	15805	16056
113	15805	16056
114	16476	16727
122	16476	16727
93	17157	17408
98	17157	17408
71	17849	18100
108	17849	18100
44	18491	18741
81	18491	18741
95	19245	19500
73	19245	19500
143	19882	20133
27	19882	20133
189	423	674
61	423	674
138	1090	1340
111	1090	1340
112	1757	2007
137	1757	2007
134	2398	2648
115	2398	2648
178	3054	3304
71	3054	3304
168	3671	3921
81	3671	3921
118	4310	4560
131	4310	4560
123	4949	5198
124	4949	5198
214	5689	5940
26	5689	5940
148	6392	6643
81	6392	6643
139	7106	7356
102	7106	7356
180	7763	8013
55	7763	8013
76	8388	8639
174	8388	8639
38	9024	9073
10	9024	9073
122	9514	9765
91	9514	9765
125	10171	10421
124	10171	10421
130	17969	18218
109	17969	18218
105	11492	11742
137	11492	11742
75	12129	12314
109	12129	12314
120	12714	12964
129	12714	12964
172	13394	13644
69	13394	13644
114	14041	14291
98	14041	14291
143	14684	14934
100	14684	14934
140	15335	15586
110	15335	15586
140	15977	16231
88	15977	16231
154	16608	16858
70	16608	16858
152	17252	17502
92	17252	17502
130	17969	18218
109	17969	18218
149	18596	18851
105	18596	18851
134	19260	19511
116	19260	19511
83	371	621
114	371	621
56	1018	1270
117	1018	1270
60	1658	1907
165	1658	1907
143	2296	2547
94	2296	2547
72	2937	3186
132	2937	3186
46	3581	3829
201	3581	3829
139	4214	4463
43	4214	4463
74	4841	5093
147	4841	5093
38	5482	5731
187	5482	5731
11	6149	6398
137	6149	6398
102	6787	7037
124	6787	7037
130	7483	7732
17	7483	7732
93	8134	8383
90	8134	8383
67	8785	9034
133	8785	9034
8	9444	9694
81	9444	9694
92	10099	10351
159	10099	10351
109	18503	18752
1	18503	18752
73	11549	11800
29	11549	11800
68	12272	12457
71	12272	12457
96	12886	13136
143	12886	13136
53	13526	13777
75	13526	13777
1	14188	14440
158	14188	14440
133	14993	15244
31	14993	15244
7	15734	15983
31	15734	15983
123	16498	16748
54	16498	16748
47	17187	17439
31	17187	17439
18	17837	18089
70	17837	18089
109	18503	18752
1	18503	18752
0	19163	19413
20	19163	19413
34	19829	20078
8	19829	20078
199	331	581
38	331	581
244	1026	1277
1	1026	1277
247	1654	1904
0	1654	1904
121	2294	2545
124	2294	2545
229	2962	3213
19	2962	3213
157	3615	3866
63	3615	3866
93	4256	4507
111	4256	4507
178	4915	5163
37	4915	5163
183	5560	5808
21	5560	5808
79	6199	6450
126	6199	6450
148	6859	7109
70	6859	7109
134	7516	7766
90	7516	7766
71	8166	8416
36	8166	8416
144	8833	9084
54	8833	9084
0	9525	9809
0	9525	9809
50	10209	10460
5	10209	10460
130	10867	11117
104	10867	11117
6	11520	11771
45	11520	11771
0	12230	12481
114	12230	12481
0	12883	13134
137	12883	13134
114	14094	14345
58	14094	14345
167	14742	14993
1	14742	14993
150	15406	15656
0	15406	15656
130	16253	16502
0	16253	16502
78	16892	17143
3	16892	17143
112	17574	17824
0	17574	17824
151	18214	18465
5	18214	18465
102	18856	19052
61	18856	19052
128	19449	19698
8	19449	19698
222	20194	20444
0	20194	20444
149	384	635
0	384	635
210	1020	1270
38	1020	1270
164	1680	1933
15	1680	1933
65	2329	2580
150	2329	2580
231	2976	3227
19	2976	3227
227	3872	4123
0	3872	4123
137	4686	4937
97	4686	4937
181	5332	5580
65	5332	5580
138	5982	6231
97	5982	6231
195	6619	6868
0	6619	6868
60	7341	7591
124	7341	7591
240	8011	8260
7	8011	8260
139	8652	8901
109	8652	8901
207	9290	9538
25	9290	9538
18	9926	10041
96	9926	10041
78	10428	10676
99	10428	10676
108	11075	11327
63	11075	11327
91	11707	11959
158	11707	11959
57	12362	12611
108	12362	12611
157	13218	13467
74	13218	13467
108	13915	14166
45	13915	14166
174	14607	14856
0	14607	14856
20	15272	15522
48	15272	15522
146	15914	16163
37	15914	16163
129	16559	16808
96	16559	16808
184	17198	17450
28	17198	17450
33	17835	18086
56	17835	18086
43	18490	18740
93	18490	18740
57	19134	19383
68	19134	19383
80	19781	20032
26	19781	20032
96	410	661
87	410	661
118	1111	1362
55	1111	1362
191	1788	2039
43	1788	2039
150	2440	2690
69	2440	2690
109	3136	3386
120	3136	3386
41	3791	4042
90	3791	4042
238	4436	4686
1	4436	4686
207	5126	5377
13	5126	5377
169	5757	6005
48	5757	6005
134	6403	6653
0	6403	6653
72	7067	7318
141	7067	7318
67	7790	8042
17	7790	8042
0	8433	8682
0	8433	8682
0	9092	9341
0	9092	9341
104	9731	9980
110	9731	9980
121	10415	10666
103	10415	10666
185	11068	11319
53	11068	11319
164	11718	11968
59	11718	11968
126	12364	12615
57	12364	12615
0	13015	13265
0	13015	13265
103	13678	13927
56	13678	13927
137	14393	14643
23	14393	14643
0	15177	15362
0	15177	15362
0	15895	16146
0	15895	16146
119	16541	16791
21	16541	16791
0	17241	17525
0	17241	17525
61	17936	18187
13	17936	18187
0	18597	18846
0	18597	18846
118	19259	19510
87	19259	19510
141	19914	20164
5	19914	20164
219	322	572
30	322	572
69	965	1216
181	965	1216
249	1626	1877
0	1626	1877
202	2256	2507
35	2256	2507
244	2902	3153
0	2902	3153
250	3529	3780
0	3529	3780
227	4160	4410
21	4160	4410
197	4802	5052
51	4802	5052
55	5445	5640
49	5445	5640
72	6008	6259
170	6008	6259
218	6655	6905
19	6655	6905
248	7423	7673
0	7423	7673
228	8056	8307
22	8056	8307
191	8719	8969
32	8719	8969
187	9577	9827
46	9577	9827
192	10222	10472
0	10222	10472
0	10856	11107
0	10856	11107
51	11487	11737
93	11487	11737
171	12180	12431
70	12180	12431
167	12822	13072
80	12822	13072
66	13466	13716
172	13466	13716
43	14101	14352
72	14101	14352
108	14798	15046
124	14798	15046
0	15429	15679
224	15429	15679
250	16062	16313
0	16062	16313
171	16698	16948
61	16698	16948
110	17357	17607
139	17357	17607
203	18001	18252
46	18001	18252
217	18628	18890
44	18628	18890
248	19257	19506
0	19257	19506
63	284	534
186	284	534
94	893	1144
154	893	1144
250	1529	1780
0	1529	1780
249	2157	2408
0	2157	2408
108	2770	3021
142	2770	3021
224	3393	3644
26	3393	3644
250	4007	4258
0	4007	4258
250	4634	4885
0	4634	4885
0	5277	5525
0	5277	5525
250	5937	6188
0	5937	6188
206	6574	6825
44	6574	6825
164	7234	7484
52	7234	7484
156	7883	8133
93	7883	8133
242	8501	8751
6	8501	8751
125	9188	9439
125	9188	9439
21	9824	10075
229	9824	10075
148	10503	10751
99	10503	10751
152	11131	11381
50	11131	11381
137	11777	12028
94	11777	12028
197	12415	12665
0	12415	12665
250	13070	13321
0	13070	13321
13	14024	14139
15	14024	14139
91	14749	14998
2	14749	14998
159	15523	15772
80	15523	15772
248	16228	16480
0	16228	16480
66	16857	17108
170	16857	17108
128	17484	17735
122	17484	17735
249	18142	18392
0	18142	18392
132	18790	19040
116	18790	19040
119	19423	19674
44	19423	19674
32	408	659
37	408	659
54	1076	1326
27	1076	1326
49	1736	1986
91	1736	1986
30	2395	2647
142	2395	2647
68	3022	3273
43	3022	3273
39	3658	3910
55	3658	3910
173	4410	4659
14	4410	4659
101	5038	5289
18	5038	5289
34	5679	5930
36	5679	5930
129	6328	6579
15	6328	6579
149	6971	7222
12	6971	7222
109	7629	7880
60	7629	7880
37	8310	8561
54	8310	8561
132	8918	9174
60	8918	9174
97	9564	9815
48	9564	9815
98	10199	10450
37	10199	10450
175	19448	19698
0	19448	19698
96	11568	11818
79	11568	11818
123	12247	12433
16	12247	12433
53	13911	14162
56	13911	14162
91	14618	14866
53	14618	14866
144	15248	15498
43	15248	15498
244	15979	16230
1	15979	16230
79	16644	16894
0	16644	16894
104	17330	17581
0	17330	17581
99	17996	18246
38	17996	18246
225	18806	19055
6	18806	19055
175	19448	19698
0	19448	19698
83	20090	20340
30	20090	20340
166	20738	20989
17	20738	20989
39	312	561
126	312	561
53	956	1212
5	956	1212
14	1606	1858
118	1606	1858
21	2272	2521
54	2272	2521
214	2910	3160
13	2910	3160
68	3551	3801
31	3551	3801
72	4189	4438
139	4189	4438
180	4845	5095
4	4845	5095
58	5491	5685
92	5491	5685
53	6071	6320
40	6071	6320
3	6692	6942
29	6692	6942
90	7401	7651
65	7401	7651
8	8032	8281
37	8032	8281
18	8713	8965
7	8713	8965
8	9394	9643
0	9394	9643
5	10054	10303
32	10054	10303
25	10753	11002
37	10753	11002
60	11443	11692
110	11443	11692
11	12109	12357
29	12109	12357
0	12760	13009
0	12760	13009
5	13398	13648
0	13398	13648
53	14027	14276
15	14027	14276
98	14762	15011
43	14762	15011
6	15409	15659
7	15409	15659
67	16083	16333
74	16083	16333
92	16776	17026
48	16776	17026
2	17435	17685
6	17435	17685
7	18093	18342
9	18093	18342
4	18818	19070
22	18818	19070
54	19470	19725
39	19470	19725
81	314	564
156	314	564
122	944	1194
104	944	1194
161	1583	1832
73	1583	1832
145	2240	2490
93	2240	2490
15	2879	3129
120	2879	3129
116	3575	3825
133	3575	3825
20	4215	4464
75	4215	4464
30	4909	5158
105	4909	5158
0	5551	5802
0	5551	5802
61	6286	6536
50	6286	6536
53	6976	7226
50	6976	7226
0	7665	7914
0	7665	7914
0	8344	8593
0	8344	8593
9	9033	9283
42	9033	9283
198	9689	9939
38	9689	9939
0	10368	10617
0	10368	10617
40	18283	18533
3	18283	18533
109	11683	11932
67	11683	11932
15	12324	12510
10	12324	12510
113	12978	13228
114	12978	13228
144	13784	14034
103	13784	14034
136	14422	14672
105	14422	14672
209	15060	15309
32	15060	15309
4	15724	15974
59	15724	15974
196	16365	16615
47	16365	16615
126	17000	17250
123	17000	17250
142	17640	17890
105	17640	17890
40	18283	18533
3	18283	18533
158	18971	19220
64	18971	19220
177	19623	19874
69	19623	19874
3	296	546
179	296	546
48	976	1225
83	976	1225
19	1638	1889
177	1638	1889
75	2301	2550
101	2301	2550
53	2953	3202
68	2953	3202
1	3612	3863
138	3612	3863
41	4274	4522
92	4274	4522
81	4944	5193
132	4944	5193
4	5609	5803
135	5609	5803
63	6221	6470
86	6221	6470
29	6888	7137
57	6888	7137
31	7561	7810
90	7561	7810
24	8231	8480
100	8231	8480
13	8896	9145
134	8896	9145
59	9557	9806
133	9557	9806
43	10224	10474
64	10224	10474
52	10896	11145
63	10896	11145
0	11594	11843
181	11594	11843
46	12256	12507
99	12256	12507
3	12915	13164
92	12915	13164
0	13594	13844
107	13594	13844
13	14309	14558
77	14309	14558
57	14980	15231
104	14980	15231
18	15674	15924
100	15674	15924
3	16353	16602
94	16353	16602
23	17132	17382
96	17132	17382
2	17802	18052
89	17802	18052
9	18473	18725
156	18473	18725
16	19153	19403
48	19153	19403
47	19826	20077
95	19826	20077
194	308	559
48	308	559
70	970	1222
103	970	1222
37	1655	1905
115	1655	1905
208	2388	2638
24	2388	2638
25	3049	3305
114	3049	3305
39	3687	3937
141	3687	3937
10	4355	4605
181	4355	4605
97	5007	5257
103	5007	5257
74	5675	5925
130	5675	5925
11	6378	6627
146	6378	6627
24	7030	7279
141	7030	7279
120	7725	7974
13	7725	7974
51	8440	8689
72	8440	8689
69	9105	9354
64	9105	9354
91	9763	10013
52	9763	10013
40	10425	10675
31	10425	10675
6	11089	11339
98	11089	11339
89	11742	11991
63	11742	11991
20	12409	12661
166	12409	12661
29	13069	13319
167	13069	13319
0	13744	13994
0	13744	13994
0	14388	14505
77	14388	14505
34	14924	15180
178	14924	15180
79	15589	15838
88	15589	15838
64	16243	16492
93	16243	16492
13	16895	17145
76	16895	17145
117	17554	17803
19	17554	17803
19	18218	18470
99	18218	18470
21	18885	19137
98	18885	19137
16	19581	19835
99	19581	19835
100	359	608
133	359	608
96	1029	1279
137	1029	1279
125	1697	1946
102	1697	1946
101	2370	2619
137	2370	2619
15	3071	3322
221	3071	3322
69	3708	3964
165	3708	3964
56	4378	4627
170	4378	4627
96	5092	5341
115	5092	5341
76	5769	6019
149	5769	6019
15	6438	6687
174	6438	6687
0	7111	7360
233	7111	7360
51	7879	8128
148	7879	8128
100	8554	8803
124	8554	8803
103	9209	9458
113	9209	9458
2	9873	10125
241	9873	10125
66	10543	10792
157	10543	10792
9	18876	19126
115	18876	19126
161	11901	12152
42	11901	12152
83	12577	12764
73	12577	12764
8	13182	13431
204	13182	13431
137	13974	14224
56	13974	14224
77	14646	14895
126	14646	14895
43	15462	15711
107	15462	15711
61	16143	16393
124	16143	16393
184	16831	17081
29	16831	17081
64	17496	17748
110	17496	17748
42	18201	18451
169	18201	18451
9	18876	19126
115	18876	19126
0	19543	19793
199	19543	19793
16	20199	20449
214	20199	20449
41	325	577
210	325	577
72	1011	1275
182	1011	1275
5	1696	1945
233	1696	1945
113	2381	2632
118	2381	2632
2	3067	3318
230	3067	3318
1	3815	4064
226	3815	4064
0	4482	4731
227	4482	4731
27	5154	5405
223	5154	5405
1	5844	6095
224	5844	6095
0	6534	6783
0	6534	6783
0	7223	7475
241	7223	7475
190	7983	8234
50	7983	8234
30	8688	8939
209	8688	8939
123	9365	9617
100	9365	9617
0	10047	10298
227	10047	10298
0	10730	10980
238	10730	10980
151	18943	19192
86	18943	19192
108	12121	12371
130	12121	12371
37	12810	13012
149	12810	13012
22	13435	13685
137	13435	13685
58	14116	14367
133	14116	14367
104	14810	15060
113	14810	15060
139	15557	15808
102	15557	15808
33	16260	16510
196	16260	16510
152	16926	17176
64	16926	17176
55	17599	17849
151	17599	17849
165	18262	18512
72	18262	18512
151	18943	19192
86	18943	19192
61	19625	19875
126	19625	19875
125	20346	20596
107	20346	20596
		
		
		
		
		
		
		
		
		
		
		
		
		
		
		
		
		
		
		
		
		
		
		
		
		
		
		
		
		
		
		
		
		
		
		
		
		
		
		
		
		
		
		
		
		
		
		
		
		
		
		
		
		
		
		
		
		
		
		
		
