time	a	b
43	310	560
43	310	560
0	956	1207
0	956	1207
15	1713	1960
15	1713	1960
29	2827	3077
29	2827	3077
193	3477	3732
193	3477	3732
189	4134	4382
189	4134	4382
90	4776	5025
90	4776	5025
186	5542	5792
186	5542	5792
68	6220	6470
68	6220	6470
188	6872	7120
188	6872	7120
193	7550	7800
193	7550	7800
174	8227	8477
174	8227	8477
193	9388	9638
193	9388	9638
245	10029	10277
245	10029	10277
235	10665	10915
235	10665	10915
140	11307	11562
140	11307	11562
177	11966	12216
177	11966	12216
184	12750	12999
184	12750	12999
181	13408	13658
181	13408	13658
125	14051	14300
125	14051	14300
178	14819	15069
178	14819	15069
151	15509	15758
151	15509	15758
183	16218	16468
183	16218	16468
117	16851	17101
117	16851	17101
217	17481	17732
217	17481	17732
130	18132	18382
130	18132	18382
2	19052	19303
2	19052	19303
33	19698	19893
33	19698	19893
181	20528	20778
181	20528	20778
192	21184	21432
192	21184	21432
180	296	544
180	296	544
245	942	1197
245	942	1197
36	1578	1829
36	1578	1829
243	2295	2544
243	2295	2544
244	2930	3181
244	2930	3181
213	3564	3815
213	3564	3815
52	4241	4489
52	4241	4489
0	5123	5380
0	5123	5380
0	5829	6086
0	5829	6086
0	6429	6685
0	6429	6685
163	7170	7417
163	7170	7417
0	7809	8063
0	7809	8063
241	9287	9537
241	9287	9537
183	10592	10840
183	10592	10840
63	11219	11332
63	11219	11332
0	12562	12813
0	12562	12813
153	13209	13458
153	13209	13458
0	13905	14154
0	13905	14154
179	14591	14840
179	14591	14840
82	15190	15446
82	15190	15446
96	15860	16109
96	15860	16109
48	16511	16765
48	16511	16765
0	17192	17442
0	17192	17442
153	17847	18096
153	17847	18096
222	18507	18757
222	18507	18757
0	19291	19542
0	19291	19542
113	20288	20539
113	20288	20539
0	21207	21458
0	21207	21458
223	22013	22262
223	22013	22262
2	22665	22921
2	22665	22921
89	409	660
89	409	660
81	1038	1289
81	1038	1289
168	1723	1973
168	1723	1973
216	2375	2624
216	2375	2624
90	3328	3578
90	3328	3578
190	4004	4254
190	4004	4254
49	4635	4883
49	4635	4883
99	5280	5529
99	5280	5529
137	6010	6260
137	6010	6260
175	6653	6903
175	6653	6903
221	7286	7535
221	7286	7535
127	8001	8250
127	8001	8250
24	8652	8903
24	8652	8903
24	9284	9533
24	9284	9533
40	9980	10231
40	9980	10231
0	10645	10895
0	10645	10895
91	11868	12117
91	11868	12117
59	12523	12773
59	12523	12773
46	13152	13402
46	13152	13402
87	14852	15102
87	14852	15102
72	15507	15757
72	15507	15757
212	16219	16469
212	16219	16469
143	17005	17190
143	17005	17190
178	17572	17822
178	17572	17822
27	18202	18451
27	18202	18451
180	18851	19102
180	18851	19102
186	19484	19735
186	19484	19735
142	20214	20464
142	20214	20464
140	20870	21119
140	20870	21119
106	21533	21781
106	21533	21781
249	303	560
249	303	560
250	968	1219
250	968	1219
248	1619	1868
248	1619	1868
238	2258	2506
238	2258	2506
208	2897	3148
208	2897	3148
249	3544	3794
249	3544	3794
216	4247	4498
216	4247	4498
248	4901	5153
248	4901	5153
158	5540	5734
158	5540	5734
247	6161	6409
247	6161	6409
247	6814	7064
247	6814	7064
216	7461	7711
216	7461	7711
238	8105	8355
238	8105	8355
184	8784	9035
184	8784	9035
233	9427	9678
233	9427	9678
194	10098	10349
194	10098	10349
223	10732	10982
223	10732	10982
229	11462	11712
229	11462	11712
193	12096	12347
193	12096	12347
224	12748	12998
224	12748	12998
182	13383	13657
182	13383	13657
237	14047	14297
237	14047	14297
219	14751	15001
219	14751	15001
213	15393	15643
213	15393	15643
242	16038	16288
242	16038	16288
250	16727	16978
250	16727	16978
234	17369	17620
234	17369	17620
224	18039	18289
224	18039	18289
240	18673	18924
240	18673	18924
243	19318	19573
243	19318	19573
160	348	599
160	348	599
211	1009	1260
211	1009	1260
237	1656	1904
237	1656	1904
194	2295	2545
194	2295	2545
208	2971	3221
208	2971	3221
201	3616	3867
201	3616	3867
218	4269	4519
218	4269	4519
206	5244	5495
206	5244	5495
211	5909	6160
211	5909	6160
208	6513	6765
208	6513	6765
226	7163	7417
226	7163	7417
211	7853	8103
211	7853	8103
147	8513	8763
147	8513	8763
235	9170	9421
235	9170	9421
195	9907	10157
195	9907	10157
208	10768	11018
208	10768	11018
233	11406	11657
233	11406	11657
199	12027	12277
199	12027	12277
193	12670	12920
193	12670	12920
157	13311	13562
157	13311	13562
219	13960	14211
219	13960	14211
108	14584	14700
108	14584	14700
201	15151	15402
201	15151	15402
196	15805	16056
196	15805	16056
236	16476	16727
236	16476	16727
191	17157	17408
191	17157	17408
179	17849	18100
179	17849	18100
125	18491	18741
125	18491	18741
168	19245	19500
168	19245	19500
170	19882	20133
170	19882	20133
250	423	674
250	423	674
249	1090	1340
249	1090	1340
249	1757	2007
249	1757	2007
249	2398	2648
249	2398	2648
249	3054	3304
249	3054	3304
249	3671	3921
249	3671	3921
249	4310	4560
249	4310	4560
247	4949	5198
247	4949	5198
240	5689	5940
240	5689	5940
229	6392	6643
229	6392	6643
241	7106	7356
241	7106	7356
235	7763	8013
235	7763	8013
250	8388	8639
250	8388	8639
48	9024	9073
48	9024	9073
213	9514	9765
213	9514	9765
249	10171	10421
249	10171	10421
240	17969	18218
240	17969	18218
249	11492	11742
249	11492	11742
184	12129	12314
184	12129	12314
249	12714	12964
249	12714	12964
241	13394	13644
241	13394	13644
213	14041	14291
213	14041	14291
243	14684	14934
243	14684	14934
250	15335	15586
250	15335	15586
228	15977	16231
228	15977	16231
224	16608	16858
224	16608	16858
244	17252	17502
244	17252	17502
240	17969	18218
240	17969	18218
254	18596	18851
254	18596	18851
250	19260	19511
250	19260	19511
197	371	621
197	371	621
174	1018	1270
174	1018	1270
225	1658	1907
225	1658	1907
237	2296	2547
237	2296	2547
204	2937	3186
204	2937	3186
247	3581	3829
247	3581	3829
182	4214	4463
182	4214	4463
221	4841	5093
221	4841	5093
225	5482	5731
225	5482	5731
148	6149	6398
148	6149	6398
226	6787	7037
226	6787	7037
148	7483	7732
148	7483	7732
183	8134	8383
183	8134	8383
202	8785	9034
202	8785	9034
90	9444	9694
90	9444	9694
251	10099	10351
251	10099	10351
113	18503	18752
113	18503	18752
104	11549	11800
104	11549	11800
139	12272	12457
139	12272	12457
241	12886	13136
241	12886	13136
130	13526	13777
130	13526	13777
160	14188	14440
160	14188	14440
164	14993	15244
164	14993	15244
39	15734	15983
39	15734	15983
178	16498	16748
178	16498	16748
82	17187	17439
82	17187	17439
88	17837	18089
88	17837	18089
113	18503	18752
113	18503	18752
20	19163	19413
20	19163	19413
42	19829	20078
42	19829	20078
237	331	581
237	331	581
245	1026	1277
245	1026	1277
247	1654	1904
247	1654	1904
245	2294	2545
245	2294	2545
248	2962	3213
248	2962	3213
220	3615	3866
220	3615	3866
204	4256	4507
204	4256	4507
217	4915	5163
217	4915	5163
213	5560	5808
213	5560	5808
205	6199	6450
205	6199	6450
218	6859	7109
218	6859	7109
224	7516	7766
224	7516	7766
107	8166	8416
107	8166	8416
199	8833	9084
199	8833	9084
0	9525	9809
0	9525	9809
55	10209	10460
55	10209	10460
234	10867	11117
234	10867	11117
51	11520	11771
51	11520	11771
114	12230	12481
114	12230	12481
137	12883	13134
137	12883	13134
172	14094	14345
172	14094	14345
176	14742	14993
176	14742	14993
150	15406	15656
150	15406	15656
130	16253	16502
130	16253	16502
81	16892	17143
81	16892	17143
113	17574	17824
113	17574	17824
156	18214	18465
156	18214	18465
164	18856	19052
164	18856	19052
136	19449	19698
136	19449	19698
222	20194	20444
222	20194	20444
149	384	635
149	384	635
248	1020	1270
248	1020	1270
179	1680	1933
179	1680	1933
216	2329	2580
216	2329	2580
250	2976	3227
250	2976	3227
227	3872	4123
227	3872	4123
236	4686	4937
236	4686	4937
247	5332	5580
247	5332	5580
235	5982	6231
235	5982	6231
195	6619	6868
195	6619	6868
202	7341	7591
202	7341	7591
248	8011	8260
248	8011	8260
248	8652	8901
248	8652	8901
234	9290	9538
234	9290	9538
114	9926	10041
114	9926	10041
180	10428	10676
180	10428	10676
171	11075	11327
171	11075	11327
249	11707	11959
249	11707	11959
165	12362	12611
165	12362	12611
231	13218	13467
231	13218	13467
154	13915	14166
154	13915	14166
174	14607	14856
174	14607	14856
69	15272	15522
69	15272	15522
183	15914	16163
183	15914	16163
225	16559	16808
225	16559	16808
212	17198	17450
212	17198	17450
89	17835	18086
89	17835	18086
136	18490	18740
136	18490	18740
125	19134	19383
125	19134	19383
108	19781	20032
108	19781	20032
183	410	661
183	410	661
180	1111	1362
180	1111	1362
234	1788	2039
234	1788	2039
219	2440	2690
219	2440	2690
232	3136	3386
232	3136	3386
131	3791	4042
131	3791	4042
241	4436	4686
241	4436	4686
220	5126	5377
220	5126	5377
217	5757	6005
217	5757	6005
134	6403	6653
134	6403	6653
213	7067	7318
213	7067	7318
84	7790	8042
84	7790	8042
0	8433	8682
0	8433	8682
0	9092	9341
0	9092	9341
214	9731	9980
214	9731	9980
224	10415	10666
224	10415	10666
238	11068	11319
238	11068	11319
223	11718	11968
223	11718	11968
183	12364	12615
183	12364	12615
0	13015	13265
0	13015	13265
159	13678	13927
159	13678	13927
164	14393	14643
164	14393	14643
0	15177	15362
0	15177	15362
0	15895	16146
0	15895	16146
140	16541	16791
140	16541	16791
0	17241	17525
0	17241	17525
74	17936	18187
74	17936	18187
6	18597	18846
6	18597	18846
205	19259	19510
205	19259	19510
146	19914	20164
146	19914	20164
249	322	572
249	322	572
250	965	1216
250	965	1216
249	1626	1877
249	1626	1877
237	2256	2507
237	2256	2507
249	2902	3153
249	2902	3153
250	3529	3780
250	3529	3780
248	4160	4410
248	4160	4410
248	4802	5052
248	4802	5052
104	5445	5640
104	5445	5640
242	6008	6259
242	6008	6259
246	6655	6905
246	6655	6905
248	7423	7673
248	7423	7673
250	8056	8307
250	8056	8307
223	8719	8969
223	8719	8969
233	9577	9827
233	9577	9827
192	10222	10472
192	10222	10472
0	10856	11107
0	10856	11107
144	11487	11737
144	11487	11737
241	12180	12431
241	12180	12431
247	12822	13072
247	12822	13072
239	13466	13716
239	13466	13716
116	14101	14352
116	14101	14352
232	14798	15046
232	14798	15046
224	15429	15679
224	15429	15679
250	16062	16313
250	16062	16313
233	16698	16948
233	16698	16948
249	17357	17607
249	17357	17607
249	18001	18252
249	18001	18252
261	18628	18890
261	18628	18890
248	19257	19506
248	19257	19506
249	284	534
249	284	534
249	893	1144
249	893	1144
250	1529	1780
250	1529	1780
249	2157	2408
249	2157	2408
250	2770	3021
250	2770	3021
250	3393	3644
250	3393	3644
250	4007	4258
250	4007	4258
250	4634	4885
250	4634	4885
0	5277	5525
0	5277	5525
250	5937	6188
250	5937	6188
250	6574	6825
250	6574	6825
216	7234	7484
216	7234	7484
249	7883	8133
249	7883	8133
249	8501	8751
249	8501	8751
250	9188	9439
250	9188	9439
250	9824	10075
250	9824	10075
247	10503	10751
247	10503	10751
235	11131	11381
235	11131	11381
231	11777	12028
231	11777	12028
197	12415	12665
197	12415	12665
250	13070	13321
250	13070	13321
30	14024	14139
30	14024	14139
103	14749	14998
103	14749	14998
239	15523	15772
239	15523	15772
248	16228	16480
248	16228	16480
236	16857	17108
236	16857	17108
250	17484	17735
250	17484	17735
249	18142	18392
249	18142	18392
248	18790	19040
248	18790	19040
166	19423	19674
166	19423	19674
69	408	659
69	408	659
81	1076	1326
81	1076	1326
140	1736	1986
140	1736	1986
173	2395	2647
173	2395	2647
112	3022	3273
112	3022	3273
94	3658	3910
94	3658	3910
187	4410	4659
187	4410	4659
121	5038	5289
121	5038	5289
74	5679	5930
74	5679	5930
144	6328	6579
144	6328	6579
161	6971	7222
161	6971	7222
169	7629	7880
169	7629	7880
91	8310	8561
91	8310	8561
192	8918	9174
192	8918	9174
145	9564	9815
145	9564	9815
135	10199	10450
135	10199	10450
175	19448	19698
175	19448	19698
175	11568	11818
175	11568	11818
140	12247	12433
140	12247	12433
109	13911	14162
109	13911	14162
144	14618	14866
144	14618	14866
187	15248	15498
187	15248	15498
245	15979	16230
245	15979	16230
79	16644	16894
79	16644	16894
104	17330	17581
104	17330	17581
137	17996	18246
137	17996	18246
231	18806	19055
231	18806	19055
175	19448	19698
175	19448	19698
113	20090	20340
113	20090	20340
184	20738	20989
184	20738	20989
166	312	561
166	312	561
58	956	1212
58	956	1212
132	1606	1858
132	1606	1858
79	2272	2521
79	2272	2521
240	2910	3160
240	2910	3160
99	3551	3801
99	3551	3801
220	4189	4438
220	4189	4438
209	4845	5095
209	4845	5095
157	5491	5685
157	5491	5685
96	6071	6320
96	6071	6320
60	6692	6942
60	6692	6942
163	7401	7651
163	7401	7651
46	8032	8281
46	8032	8281
32	8713	8965
32	8713	8965
8	9394	9643
8	9394	9643
46	10054	10303
46	10054	10303
85	10753	11002
85	10753	11002
178	11443	11692
178	11443	11692
42	12109	12357
42	12109	12357
0	12760	13009
0	12760	13009
5	13398	13648
5	13398	13648
90	14027	14276
90	14027	14276
168	14762	15011
168	14762	15011
43	15409	15659
43	15409	15659
178	16083	16333
178	16083	16333
144	16776	17026
144	16776	17026
22	17435	17685
22	17435	17685
33	18093	18342
33	18093	18342
44	18818	19070
44	18818	19070
106	19470	19725
106	19470	19725
237	314	564
237	314	564
228	944	1194
228	944	1194
234	1583	1832
234	1583	1832
238	2240	2490
238	2240	2490
135	2879	3129
135	2879	3129
249	3575	3825
249	3575	3825
95	4215	4464
95	4215	4464
135	4909	5158
135	4909	5158
62	5551	5802
62	5551	5802
111	6286	6536
111	6286	6536
103	6976	7226
103	6976	7226
0	7665	7914
0	7665	7914
0	8344	8593
0	8344	8593
59	9033	9283
59	9033	9283
240	9689	9939
240	9689	9939
0	10368	10617
0	10368	10617
112	18283	18533
112	18283	18533
215	11683	11932
215	11683	11932
30	12324	12510
30	12324	12510
229	12978	13228
229	12978	13228
248	13784	14034
248	13784	14034
247	14422	14672
247	14422	14672
241	15060	15309
241	15060	15309
85	15724	15974
85	15724	15974
244	16365	16615
244	16365	16615
249	17000	17250
249	17000	17250
248	17640	17890
248	17640	17890
112	18283	18533
112	18283	18533
224	18971	19220
224	18971	19220
246	19623	19874
246	19623	19874
182	296	546
182	296	546
131	976	1225
131	976	1225
196	1638	1889
196	1638	1889
176	2301	2550
176	2301	2550
121	2953	3202
121	2953	3202
139	3612	3863
139	3612	3863
133	4274	4522
133	4274	4522
214	4944	5193
214	4944	5193
141	5609	5803
141	5609	5803
150	6221	6470
150	6221	6470
87	6888	7137
87	6888	7137
126	7561	7810
126	7561	7810
124	8231	8480
124	8231	8480
148	8896	9145
148	8896	9145
193	9557	9806
193	9557	9806
107	10224	10474
107	10224	10474
116	10896	11145
116	10896	11145
181	11594	11843
181	11594	11843
145	12256	12507
145	12256	12507
95	12915	13164
95	12915	13164
107	13594	13844
107	13594	13844
90	14309	14558
90	14309	14558
163	14980	15231
163	14980	15231
118	15674	15924
118	15674	15924
97	16353	16602
97	16353	16602
120	17132	17382
120	17132	17382
92	17802	18052
92	17802	18052
167	18473	18725
167	18473	18725
68	19153	19403
68	19153	19403
144	19826	20077
144	19826	20077
242	308	559
242	308	559
173	970	1222
173	970	1222
152	1655	1905
152	1655	1905
232	2388	2638
232	2388	2638
140	3049	3305
140	3049	3305
182	3687	3937
182	3687	3937
194	4355	4605
194	4355	4605
201	5007	5257
201	5007	5257
204	5675	5925
204	5675	5925
158	6378	6627
158	6378	6627
166	7030	7279
166	7030	7279
134	7725	7974
134	7725	7974
125	8440	8689
125	8440	8689
133	9105	9354
133	9105	9354
143	9763	10013
143	9763	10013
71	10425	10675
71	10425	10675
104	11089	11339
104	11089	11339
152	11742	11991
152	11742	11991
186	12409	12661
186	12409	12661
196	13069	13319
196	13069	13319
0	13744	13994
0	13744	13994
77	14388	14505
77	14388	14505
212	14924	15180
212	14924	15180
167	15589	15838
167	15589	15838
157	16243	16492
157	16243	16492
89	16895	17145
89	16895	17145
137	17554	17803
137	17554	17803
118	18218	18470
118	18218	18470
119	18885	19137
119	18885	19137
115	19581	19835
115	19581	19835
233	359	608
233	359	608
233	1029	1279
233	1029	1279
227	1697	1946
227	1697	1946
238	2370	2619
238	2370	2619
236	3071	3322
236	3071	3322
234	3708	3964
234	3708	3964
226	4378	4627
226	4378	4627
211	5092	5341
211	5092	5341
226	5769	6019
226	5769	6019
189	6438	6687
189	6438	6687
233	7111	7360
233	7111	7360
199	7879	8128
199	7879	8128
224	8554	8803
224	8554	8803
218	9209	9458
218	9209	9458
243	9873	10125
243	9873	10125
223	10543	10792
223	10543	10792
125	18876	19126
125	18876	19126
203	11901	12152
203	11901	12152
156	12577	12764
156	12577	12764
213	13182	13431
213	13182	13431
194	13974	14224
194	13974	14224
203	14646	14895
203	14646	14895
150	15462	15711
150	15462	15711
186	16143	16393
186	16143	16393
214	16831	17081
214	16831	17081
178	17496	17748
178	17496	17748
211	18201	18451
211	18201	18451
125	18876	19126
125	18876	19126
199	19543	19793
199	19543	19793
231	20199	20449
231	20199	20449
251	325	577
251	325	577
254	1011	1275
254	1011	1275
238	1696	1945
238	1696	1945
232	2381	2632
232	2381	2632
235	3067	3318
235	3067	3318
228	3815	4064
228	3815	4064
227	4482	4731
227	4482	4731
250	5154	5405
250	5154	5405
226	5844	6095
226	5844	6095
0	6534	6783
0	6534	6783
241	7223	7475
241	7223	7475
240	7983	8234
240	7983	8234
239	8688	8939
239	8688	8939
225	9365	9617
225	9365	9617
227	10047	10298
227	10047	10298
238	10730	10980
238	10730	10980
237	18943	19192
237	18943	19192
239	12121	12371
239	12121	12371
188	12810	13012
188	12810	13012
171	13435	13685
171	13435	13685
193	14116	14367
193	14116	14367
217	14810	15060
217	14810	15060
241	15557	15808
241	15557	15808
229	16260	16510
229	16260	16510
217	16926	17176
217	16926	17176
207	17599	17849
207	17599	17849
237	18262	18512
237	18262	18512
237	18943	19192
237	18943	19192
198	19625	19875
198	19625	19875
233	20346	20596
233	20346	20596
		
		
		
		
		
		
		
		
		
		
		
		
		
		
		
		
		
		
		
		
		
		
		
		
		
		
		
		
		
		
		
		
		
		
		
		
		
		
		
		
		
		
		
		
		
		
		
		
		
		
		
		
		
		
		
		
		
		
		
		
